Predicted Y output :
24.670343011021593
26.465638030195553
24.09309079391938
24.90118973364974
20.92865347124065
23.072375852875425
22.956438034987823
25.534060903518593
22.949186496961165
20.47754150607004
22.41068359345362
23.70858692676182
24.934397497617944
23.681216724802276
23.414629170435322
21.131350117584486
23.172583940504957
26.61765024800418
23.87641932693076
22.459199908976583
20.787616346694566
23.34217729524893
25.390814120229773
21.699249831106812
21.01810372240474
20.84867167073776
23.40292088589551
25.0636024149648
25.477481836915914
23.64920395588248
24.237928775455508
23.003129119589477
22.193364722301144
22.86791907974153
23.94870483063023
20.944000809448358
24.073754080962445
23.16211644953864
24.160320587270625
23.431960383952976
20.75293235375341
23.885432536748276
24.32569800474569
24.252055178316937
24.580100597534422
23.249407833772004
24.417616272956604
22.062970561348664
24.90506331022716
20.11233314174985
22.694574741479155
23.509477966638926
23.52064956336953
21.052678841252927
20.938202303211483
21.829841323425445
22.555637676851475
25.467751675963758
23.691683145053755
21.911807466466314
24.935824384948635
22.73282599059383
22.79326027218168
20.263104206964233
24.591663067162028
20.08638949761347
24.62484636498857
22.022772150949123
21.32523061318557
21.338892801846676
21.449108542300145
23.749380516866335
21.081843665575697
21.86904323273117
23.743224322328352
20.769465593095106
21.97024863844459
25.242437476492306
22.992811182953798
22.893339164960395
24.210350640305393
23.506894350069903
20.279367195052007
24.559301055579592
24.21660358517999
21.999753335070963
21.694432726276812
22.35112505580658
19.317885481556946
21.420223803080837
23.31023293818174
21.370445276901496
22.518952936044464
23.592549895657115
19.40284588213857
23.506622348936983
22.35665065328165
23.40589057304973
21.584999578050684
22.263022560984165
21.084192443540193
24.817581060200354
19.2821412734317
25.036305043467575
20.629000453492857
17.427924491494455
19.154737268040115
24.111566307252097
20.660693826079914
25.5714089802229
23.693032126789124
23.362222571341
21.61615226601352
20.780830746150055
22.061972779394065
23.63507747851861
23.13676951412372
23.273590027788686
22.233921534806406
25.16793454611237
23.93300502386686
19.884936627982515
21.50269763331328
21.739213973212426
22.036859891102825
27.91800808158542
21.334157193057134
22.539109700737338
25.329510601142044
21.217589403689477
22.263594784764305
20.868423220677535
20.644720836000168
23.033607216700354
23.918559744055194
23.18769783565454
22.930582329439424
20.77033601091423
21.75852284471449
23.336734600078135
22.79013764915557
21.749300426390292
21.788436069839893
20.474528676555586
21.73253582386148
21.751210151308268
22.868482580515657
21.91564575431829
23.538713704212
22.484136495042254
25.744355755206627
23.087083941228958
21.727386620263992
22.318675062874213
22.407400959075034
24.91415081294596
22.073918657909342
23.65841375365595
25.083632134866022
22.91465767606713
27.232424427074346
24.85901314295641
21.685608385698742
21.630277886000833
20.29796209337
24.49558322342752
20.49219851129944
21.64997451994154
22.602721578345104
22.337118491030065
21.850958194616588
20.189052434167916
24.961729739522454
21.52213548829721
22.79253387670504
24.235235581115372
21.971253268029763
26.151837653213885
23.033831180910767
22.926502240988547
22.048836503778197
22.60238476274913
22.43764728940833
21.805578423725237
19.362808963433118
20.800930222493182
22.24692058323252
22.641627078252327
24.876035281224816
23.993846407670304
22.053493918742614
24.565938125717825
22.43830537521122
25.36456312178303
23.240431275834307
21.828414934887004
22.845290802898965
25.282103646341007
22.53663252016166
24.113245514550812
24.647759538170423
25.626759128539433
21.45890599031031
21.933783493706486
25.43694054641975
23.707355169389135
24.26298019134979
25.102947238698498
22.79017417153301
20.794827850221193
20.502398184774872
25.13652939878697
22.86506156596057
22.612179026266084
21.041330182759737
23.129329310043786
23.7756007021335
25.177813364242127
23.58497803107345
24.653259775436037
21.973246932879007
22.65496478484693
22.586734604840863
21.646456157539966
21.74162814088467
21.91049434817483
22.20991413463884
20.68499560916798
21.412784480826563
22.965658167765934
21.530292591486475
22.756241085919573
24.465701491601113
23.45700464680697
21.336919139990993
22.325717467654332
21.438095058325548
22.125537705226925
24.752090973481597
21.998956887194808
24.646802687336788
22.80725216988378
21.155859006654854
21.941367462638176
26.2138360957193
23.08227350075527
21.161194958731095
21.653683023539177
21.97525680441448
20.390296493927284
22.9907078802616
24.299272496336116
21.788243048619023
20.45907372203418
22.571935219214105
25.334252050075882
22.92108566039679
23.44563230883581
21.226544241449275
22.96830944701169
20.33941048830148
22.82132155027957
23.756669461283497
23.25793829840049
22.598415005380666
20.90432114360746
21.66404862526862
21.521240416907577
23.47374418492842
21.65857646390858
22.28460501382862
22.365046077485385
24.707953959792807
19.20587810504668
23.294362701137935
22.310280806920513
21.867425945434473
22.274761386039756
21.630643179876287
22.28497151368856
25.512390232055278
23.61451976478519
22.599814049189064
24.345226391417548
22.1305629646957
23.666314402802524
23.735372821265695
23.282478403498597
23.05196891996447
26.795624750689342
22.827206538560333
23.193908225461467
26.57788752952539
21.678829626970803
25.217173189761137
22.349473617248165
21.529228921825464
24.229472157290733
24.651458523326088
23.563613117117498
23.25427977113849
21.441390294975072
21.42858260823583
19.78408681600642
24.40759959981003
21.55544529319335
22.46186345384963
27.64779399946882
21.252280717350313
18.756856285327842
19.39188382279251
21.950444080765944
24.80811446230895
21.88443505861196
23.157488118094
23.289533477476535
26.762391473915613
24.8469402540786
22.008100357948365
17.18329306790257
26.71561662611266
26.42069679297705
24.39670140596714
23.823895020308022
21.354117227671477
21.52274119108195
21.313186428394143
24.143874154613442
21.832400040952177
21.03037981225476
23.086949329412338
19.430960628619825
24.198315954722116
20.440765870360345
25.092403740628402
25.34151010712634
26.20296696799861
23.921492503601435
24.829778948708892
22.71272420768853
23.988572573041314
24.557406756767193
20.623001619598195
24.09529378503486
24.028074802300942
20.706654952515407
23.79271785073714
21.078195266372372
22.693117781332806
22.83974361148485
23.460951823961032
23.829617694430095
25.33431459784397
23.4792094635837
20.962037150240683
22.233167238224336
24.319671050348873
24.064920425857853
20.004950436371267
24.05696908907018
25.130619857056345
22.564254374552792
18.213040837336813
24.380498898949458
24.17242483953957
23.385510670747554
25.022723059380517
22.905263052939716
20.130816880753407
22.296607664328416
20.693773491856227
26.498979811678897
22.432218897280535
21.092372853520708
22.080135694978377
21.7349282925871
19.798394697709558
20.908384591421957
22.302898816765623
23.981562787230594
19.57103501724059
24.716066519885718
25.522224226613766
23.094879693295123
23.08870244072714
19.78117617526398
24.91747135533577
24.692367240072258
23.033952983620324
22.155794677622783
25.601707030736097
20.838438928941763
23.44585250763803
24.888842642040462
24.300309003363665
22.92913215809574
21.865940708949726
23.02409732332623
20.048788538324605
23.388965253496156
25.89846249635757
22.090862581588496
22.068777838268126
21.29802177486029
22.006780919143683
22.45581073304028
22.339505927260014
23.705787931906126
21.28091738308316
20.060128262070805
22.310254642524107
22.504809489175095
23.180034409115102
22.49510682530008
22.174287178686377
21.126511014763693
21.230590871723983
22.63430041409773
23.28974137018805
24.118712102178147
25.27836073431584
21.542487498975643
20.197699966312825
21.530317140858784
23.703067407251996
20.176084290281782
20.4203432418936
22.479109838110602
21.67665606274364
25.934247077168255
21.26711065208489
22.635886924327007
25.819941203194325
24.65201973928152
21.741531806045636
22.68974987689888
21.33612923394948
23.99526328650714
20.49385465837303
20.789997387322167
22.997622083813585
21.65876558326339
21.429482812193882
20.82813867434703
22.78444034363625
23.806913185314425
26.332028222264338
20.97171823794404
21.60486209086847
21.17133567078202
25.84002194217813
25.482598230535366
24.109795379852653
22.05159029208033
21.929502676323114
23.200419893197505
22.380547695724793
22.785530914785554
21.9534069024072
20.276082774895286
22.589502200454465
21.066686657093765
23.995144990821625
24.842298885001604
24.38624674324263
22.44417765016011
21.782491000523834
25.085081496805856
22.670059709333756
25.35567418716198
21.779266948292687
24.32323326244675
22.487755544681495
25.90469764292238
27.189937742514374
22.36304605165968
24.616021475688598
25.394422049505533
22.46334114103271
21.90798344050451
22.676235230185707
23.50728870347457
21.121991268795977
23.477530828990822
23.397464649245432
22.410169936721186
18.611481103989338
24.616520270759196
25.209461610775953
20.83484329964299
22.726088989023477
24.065745389940748
22.41345903454196
24.690762863453923
22.60362070725671
18.89890779952956
24.82858380264999
23.62074531075979
23.066566506945644
20.136843536317727
22.467498351964977
22.585056118819587
20.914895866911834
23.430928175089857
24.0584436464144
23.67539558987026
22.543622152545026
22.614742517986947
24.080218762279923
22.042516328950594
21.450560021582277
22.83578720856297
22.398786271441928
20.672941362338918
21.52940089079532
21.795093300082904
21.463554397882003
23.405351945076166
20.453780733386633
23.474788852166295
26.190157343258534
21.55450656629062
22.746126655636502
24.778880282509178
21.43939752416466
22.844308124919927
23.77538840997505
22.65195656996432
20.986803306543745
24.481739472138464
21.109862809668343
22.530033503150477
23.715845644341016
22.648116400986265
22.11259909550642
21.682470963425697
22.985914597872036
25.290990710766405
24.685145895934497
22.982314759213182
21.074703740070646
23.540343043035495
20.978512134871448
23.6963272563361
21.52129878550086
20.867674465763656
21.73166522179324
21.30968976420907
21.507737398737763
21.88730884838441
23.208300692091328
24.857790864687995
20.782019207277415
20.55029881557962
24.570881913135697
21.149567843274966
24.785755900550363
22.250054755712906
21.598672323303756
22.955271565167696
21.737350826297718
21.157917695054923
27.474985081005396
21.666283086088608
22.948718627533786
19.74530500456722
22.913763180188646
20.591435164966672
21.3925949665211
20.50503240308686
23.114511112690163
21.698293667720662
22.044190658736987
24.075405981217116
22.70690868224999
21.325188104606305
23.161205366552416
24.129267616689784
24.030572170772853
24.751564332327735
26.40696713605721
21.28952216510399
25.140686853920723
23.82985265601435
23.336222942440244
24.19807561172627
21.55670171580613
21.560623588746754
21.70520466610219
22.514667419730266
23.118354626301137
22.384664165397847
20.296850741727475
22.123934062907544
24.593383243105578
21.24730419064128
22.028613470177437
21.969390807010715
24.52363116195058
23.14843979871684
21.44071739455208
24.808891338613787
21.163387959491093
21.710607760829017
22.49706429364138
23.739815212300883
23.464824601361325
23.411129820041463
23.954990867808252
21.59398737396329
21.887646864103154
25.107733465076784
22.621301123882866
25.330130980457575
21.460149609930884
22.25446020911543
26.63478667665082
27.11874213136469
21.438314908417862
22.43688328364845
22.632098916970904
24.666160983005373
21.973029680558007
21.470142274799443
19.73969433176168
23.401671794141947
24.746205492797408
25.260931177149104
20.912801152099377
21.104708410134815
24.132421052499385
24.33367765684106
20.46816727673097
24.073815272102422
21.471702077389807
19.98017492677741
23.25668283749045
24.724429532711273
23.383307701213877
22.8979444826918
20.985212949869045
21.924828647511617
20.37186197866623
20.70703367907194
20.532684888584278
22.52421638082743
24.55080251200744
22.5517958572062
24.1000969136299
23.285906709036816
23.420485168769524
26.11184865758362
20.6913369868324
22.41520089645421
21.450740692740297
23.46950939887229
21.497530721114988
22.827419692949377
24.537029995969064
22.725307833347625
21.655777938192486
23.30250068986056
23.76260625944128
23.31663197615471
24.68005080220947
23.563462155799808
22.71614350564635
23.973216489012856
21.046213794604405
20.632083179102924
23.143207295811344
20.498717714261193
22.738727805700826
22.893416756720114
24.89850819137934
23.91324554172077
27.765698610517777
21.67334670996546
22.822570478865156
19.536291045530714
24.339141287405283
26.787397516559764
25.136443925924322
23.839752426486267
22.453373609346286
21.93241559772194
21.957485094704676
22.548324285970025
22.851666254790043
21.487482807237114
23.85607592010296
19.854909922943204
21.456628028912963
24.42346377599848
21.19070068133372
22.629085364814404
20.791501520291604
23.188761856640475
24.811549219721115
19.30426084442475
25.041464749433406
21.778110441865405
25.161378447002487
20.082752402996565
21.687368780752276
20.852581010428757
22.47801339973086
21.032528624690777
22.437597496810696
25.94093352995715
20.09170749490744
22.796653922632277
21.764438830172182
19.00450237087775
22.053609294246613
25.27823312570012
23.03982019217246
22.64712731358943
22.126454855309895
21.8897099079317
21.21979370762126
24.80480115818016
20.520100228881525
20.664779949858975
20.851839093092856
21.308232821277272
24.482702254972985
22.818008922421463
24.601914999041288
22.91585453664102
24.861379448443174
23.656600016951412
23.50509955760165
22.59293787245877
18.278062448434053
23.52951714990573
22.294114250233907
22.633316000490275
18.806194283846587
23.748518894077005
23.09216666715758
24.126536664208476
23.929485987127567
21.309312212389088
21.680610740539567
21.3164599750376
23.978047244534906
20.931952572083933
24.42324810476416
21.831637370114148
23.80997385807042
22.673878457193062
23.06537212956657
24.964344684736915
21.97374699227623
26.428342241047513
22.188230927494374
20.67502308850455
24.102799515708348
21.556026250950357
24.453916321537342
25.897790061721235
23.586671441659686
21.241037188721773
26.652707135891085
21.937747144490757
22.849411414948335
20.439281184730568
22.619084465503228
23.80814245322881
22.80798773569611
22.733285875547967
25.868967546342432
22.173695464217094
24.589570062803123
24.775527056997518
21.30193990393813
23.850444098636544
23.14330829839071
22.66408664872987
26.540587284782088
24.087202604383517
23.978926126587467
20.35197484777433
20.86968760207176
21.935972968450752
22.316907810205368
25.721994700522274
23.418271403593
22.126510505511547
21.38186843009099
22.292196064760926
23.290141592547187
22.134544728550804
22.251859334291915
21.55032379705169
21.925388012102907
21.065529958578054
22.82005072273949
23.75724025129249
18.94499198077953
21.04145674454701
20.199269958800773
25.140421339468173
20.641483415402373
23.432600328544954
21.333540469327264
21.804319475482078
23.816485471349715
24.299939551188725
23.74343509867654
20.111675008205015
22.934177131252078
26.549724902827837
23.25759030616713
23.9503109934755
23.73091419933176
21.578679239356052
21.99377145954272
23.67194193564844
18.98307416522249
24.389560530344703
24.063785233733423
23.47892438822157
23.039219650929542
22.57719694804576
22.69037822547674
22.701763743684484
23.719169723140517
21.10001134510675
21.9501291554495
23.565280182118183
22.756570920666608
24.441575607315187
21.154298938094563
22.053659220785683
21.925386665999262
24.833997394507414
20.13732307681316
22.412584579529153
19.77450208973152
25.379826861931885
22.387184898217303
24.241719006209696
24.203396149020634
20.378676011297603
20.09041752542877
22.447559168023744
23.261336005596448
20.859190750833633
23.17114461170609
22.57826941887496
25.14424107860847
22.329992957585773
23.249967990419695
24.088801467915843
21.983270578087346
24.10014819695142
24.761446068354015
24.40221790186756
23.522777262229965
24.4429188522269
18.724988629344047
22.478508242046658
23.035799350084424
23.90851187064041
23.22625561730475
22.1829899558879
23.53570188400925
24.718847856693113
27.091458756175523
21.256406897490244
21.7112765028249
21.46565136571452
21.91086825859634
21.089123213867257
21.050968829710108
21.47262327492973
25.56814999715164
23.21481360210218
22.29736622887201
22.52086082031347
23.590321482428806
23.171465773955155
23.474505211124843
22.831048995809784
23.57671871146705
22.620940785973055
24.017267615142277
23.44673662404473
22.80917683352544
24.12996570600464
21.88527189256526
21.69158577614769
22.12480639764527
23.588762703869833
22.539400378344595
20.629735865218468
23.131002255574288
25.353590208663547
22.63329405559983
21.078899531902945
24.223484047095976
24.69412504294117
22.724412174901243
20.36500568065454
21.705409387563773
23.495711255786762
21.039469254535927
23.60927059243327
21.292644010718384
21.20308720861172
21.50594099648611
23.902059722908675
23.68082436774414
22.148679441449097
25.14995966386503
22.5969126846524
23.32442190142785
24.441885198146625
23.298335229304975
20.539404197485226
22.72145181142364
22.089344584302037
21.84581323397459
21.936090894481126
23.228997695688562
23.04310323001923
22.150350797280183
26.545281494669872
20.718496839024883
23.90557235427065
23.617644938863606
21.295182439305023
25.96510190312123
22.136158211746224
23.563311509636904
20.392408028122336
23.631057287043173
20.46972400240434
21.627728781529274
21.499198251134818
24.017724096871593
21.237186604741492
19.758572733178376
22.546815143555627
24.579139305616096
23.319700660240226
23.445103415765388
22.29346615099354
22.036773843580825
23.544907100961318
22.295125691112965
22.8818194090177
24.566069757423964
21.04947561338594
21.096775294661114
21.354171950483952
23.570670093186212
20.53570050337667
23.238089750815778
21.17565406818986
25.65904055241544
24.971025112067885
21.586080455881447
22.104793154581955
23.097807328786356
23.24709090309342
22.293283577423043
23.43395321958265
22.554036454933392
23.534640944729624
22.42587554168275
22.540883423766857
22.800777108516968
26.62930904026228
25.084549790538848
23.385247765896125
19.7481946947537
23.287411292998705
20.621492621396243
26.276164702478194
21.417170795607095
24.5543789832611
21.285768759550013
24.653538948550313
21.543411990376374
22.023067372197985
21.590480698913556
21.121651186584465
24.05629245944314
26.332460279566835
23.174719385053955
24.798038627512913
21.332566260907978
21.712423867684148
21.287905227866602
21.76978936144447
20.765574403057336
22.51008432427427

Beta value:
22.77297200000002
0.1532676852935256
0.18540003594016496
0.12000110115325667
-0.005028949599389104
0.08918555215321448
0.2854775091617755
0.14024972933510454
0.07580017028945095
0.012965308671987107
0.09401149969287567
0.33150195053505854
0.084840514990049
0.11999801984213844
0.24210108679786949
-0.017090442799284393
0.13711955640306633
0.13535021835004873
0.0014161900416505592
0.005964230428586582
0.11583086736428667
0.28483775240290715
0.04402482441590905
0.249185633257286
0.12028595242306976
-0.019796621068017817
0.0978939759480701
0.08054030595955744
-0.012124111067731856
-0.0677059820721546
0.04429406422192918
0.1078146697477417
0.22798217034745089
0.04721542034674608
0.07987290341680507
0.1829570965294817
0.21060970517893063
0.16207966327661807
0.2744555835195916
-0.012445612272110497
0.23234619701605488
0.26882106687710855
0.034974550199616074
-0.05731742629974474
0.027455819920674338
0.032236692298776404
0.10321984032234248
0.223792899408243
0.11244539843386298
0.033422346811176895
0.19661185167113046
0.20417137016782025
0.01612595282333
-0.07123162198576266
0.25175707544717624
-0.003887358095427262
0.23105567860377071
0.26548186049784556
0.11423908742340133
0.0719519080402833
0.20322597716339022
-0.0027792265323039293
0.05100438404186847
0.13147853722024352
0.007746233289354684
0.336781202898296
0.011951882460568455
0.298145297902058
0.1642539704439644
-0.08573261086220921
0.09048105923338232
0.15787865417683375
0.3305788122776843
0.1581424569197707
0.11751964138379732
0.26660344986239354
0.390619100127369
0.15457381285079155
0.18223068384857447
0.06251652152942462
0.06118730976720174
-0.001743454042947817
0.23436100323087938
0.13515842443433645
-0.0734879377742575
0.057287176438690926
0.4029664087260284
0.2506423289588937
0.18757296829031023
0.15785544530451193
0.318225716716197
0.26614441182355486
0.22991168646366533
0.08532258326354021
0.15670680572700982
0.06570878939735157
0.25278162296276535
0.2900688061123836
0.0233284776399306
0.09012299048939315
0.20399847588804706

Mean square error for online update method:
4.4045459490562475