Predicted Y output :
24.679972347160305
26.550841789310528
23.959674298435676
24.69706830032655
20.633548046609956
23.121317869747003
22.6385108087825
25.55423883028745
23.370391140981322
20.457994285023723
22.959198642600892
23.650625018731247
24.696183219344405
23.68672414754456
23.645621741059546
21.164377448225565
22.396266991487163
26.824013725995993
24.229516128975842
22.41903130475674
20.4703494616097
24.055201501993977
25.11846802787926
21.446088550022072
21.341653225821062
20.350003337764527
23.637341326793813
24.495370542169105
25.436500634949866
23.916275722661652
25.10922648359535
22.75701519254303
22.219747827217006
23.160259774358682
23.511215160074315
20.922948087530273
23.826511311399067
23.258954793568265
24.121861993777888
23.423980958536706
20.75358838455491
24.155055711095187
24.305660819924697
24.01302852194256
25.277052173209977
24.048879251544363
24.182116620040993
22.138060702899878
24.697376755304767
19.916390131981007
23.34528684137418
23.29647772803925
23.263625529659837
21.074485534719695
20.874705735786268
21.76995964943691
22.22161888787798
25.986992853169983
23.585955243134887
21.987189328268848
25.011496814808403
22.976550740830657
22.827650975120516
19.82088042578431
24.227059547245965
20.209392556213167
25.087178214812106
22.20204152982627
20.959128969294106
21.245805569039046
21.315254182809987
23.923801368236163
21.196572167860197
21.97944640256955
24.02985865846168
20.870062031400277
22.417832598150163
25.333108991202057
23.706394188624234
23.66060816515515
24.10247457770253
23.444427598717084
20.635639588791065
24.332396502984672
24.35426975300777
21.61812472900818
21.48533418697706
21.9374316730694
19.17454579745695
22.154118640409123
23.3038760979484
21.32543062209468
22.83979030211927
23.074092654501953
19.77839951445616
23.58409194665221
22.750297503151423
22.459139306476875
21.889531971891238
22.45706988861857
21.044591583657514
24.894439036247146
19.091123564071253
24.17153193495256
20.44051102200757
17.571120263927757
19.275959947554057
23.70635696932981
20.588547365104798
25.69640738699141
23.54216886406817
22.234364474878017
21.6216707324086
20.351181266707354
22.069161159543473
23.588705078387807
23.604050819083792
23.91042028897212
21.982431508128258
25.277950103001814
23.659994526663613
19.771900638988043
21.333144903991613
22.714061788290547
22.16731410024199
28.089134169470373
20.84988095440927
22.988060939405973
25.1499991814517
20.83069610937777
22.19141035846736
20.472141628047993
20.61130166122783
22.570901023901516
23.44043475569812
22.85849740695038
23.47028295225823
21.155752286346818
22.03251987777648
24.030726036158207
21.73155578532517
22.085818607086384
21.34718279358801
20.442330502160683
22.215111900801737
22.07412165133237
22.689867458285732
21.69936864817788
22.534764987089815
22.874789171665658
25.588376201199196
23.69726222122624
21.516215055632454
22.605041158159157
22.350804574203206
24.68155417242267
22.28951460270027
22.801363893085483
24.867520982429014
23.43615099303811
26.90986379470516
24.60701599294286
21.754701742739663
22.119560600027608
20.04599245285032
24.510628636501362
20.373413111945887
22.249353546789514
22.71064369594673
22.415550274484094
21.269415545551695
20.26699106738876
24.667115310569546
20.904940089497796
22.64512903575726
24.916780649793637
22.517169927770702
25.74142639458517
22.98250359568605
23.304707898109466
22.280797482933384
22.18807021714857
22.71924277169324
21.52887870515297
19.376900548776927
20.84478357771284
22.242315413366974
22.49788886350045
25.019082529772454
23.589996476153022
21.648843099567127
25.068632404065095
22.95529412736183
25.146701234569726
23.02145317828998
22.030678228574818
22.09090578661952
24.88364256714912
22.57836745028227
23.8774656962049
23.834313012979948
25.633357523944863
21.276212675272316
22.45681159508892
25.271031438810702
23.795519267433576
24.086539728922943
24.914173822590097
23.22759094708788
20.75041734855735
19.913530400683786
25.148458957528568
22.899181063318608
22.250847008544767
21.303651613618154
23.3973683320801
23.721365196677315
24.50743731736845
23.919259940126672
24.957204115548084
22.01948418572868
22.467405918031186
22.52431713834631
21.959328356039816
22.04533949356562
22.452632801369923
22.241688465151316
20.81153488083835
21.03814405057932
23.083484449754717
21.619266987557666
22.81792924638358
24.67644332234161
23.29622689139817
21.623508518715024
21.643756379891837
21.786264613585004
21.68513963266576
24.290189568231654
22.547046486606746
24.58133658841636
22.794360809763322
21.876515534704907
22.33665578852702
26.27499729851071
23.23738055917152
21.270775859990955
21.75463055892536
22.192070247919947
20.285441576212637
22.726026971783433
24.49591446595202
21.8729723911735
20.623186157380676
22.022896307400423
25.24694915308154
23.275924875666092
23.553182201828776
21.220219131859096
23.072969197894096
20.51951595438334
22.674996303787623
23.856751840325984
23.155828545312936
22.538017238377385
20.780579226007323
21.380924730538336
21.7763654181468
23.740903411143286
21.540189505468913
22.320457043940646
22.759823580915103
25.001613561473846
19.237314980785463
23.501656553772076
21.688564287579563
21.1610295774198
22.94710006068128
21.560041577347047
22.3905933211793
25.249708153141377
23.401239706289527
22.164180434762855
23.939834355524926
22.12755707129411
23.140440749072695
23.036930360306577
23.60160873486914
23.0933557356431
26.165520041055924
22.718102017578403
22.87204452327873
26.862291704421743
21.958499570560086
25.300377346067993
22.44589606316335
21.49153521300895
24.479873506819192
24.593538414389393
23.769472703961963
23.01870735064932
21.614135365366494
21.98141590634096
19.37498923596827
24.119317731694625
21.48559605113303
22.158182676543735
28.098972389942546
21.285630698996155
18.77691938978465
18.68440948118354
22.197566062893213
24.851622196257658
21.778088925274037
23.528123512500528
23.106330097723667
26.646643121676327
25.218626851715893
22.341131884524522
17.57292254338346
26.753208209440867
26.23862221268133
24.52238968514227
23.728731218370214
21.847444751751492
21.44843647525347
21.572270903217667
23.505621727973814
21.807519935461485
20.910871845835533
23.470676872200162
19.457096891956358
24.44312447246146
20.17250382643368
25.36332062998659
25.574253467404212
26.280066787785557
24.264387714949297
24.410330659276646
22.395659865648753
23.669089082837225
24.316126413654338
21.090948970515417
24.452798867022818
24.848665429650293
21.066976304788522
23.816632421957728
21.21731418568756
22.83102032703483
23.022302599890427
23.5634878899353
23.406120472263375
25.324411568386463
23.836505147884914
21.261281239984633
22.66041368229683
24.52646565907998
24.052576422448837
19.64911302447347
24.116529056495786
25.36235459421334
22.814765241196493
18.227923657630644
24.473530778096936
24.06457186266946
23.446206330259482
25.945030070941115
23.098501056839446
21.029191685252023
22.41504815145973
21.257346338955216
25.894532544102347
21.916434803925164
21.056517030120155
22.559246614234585
21.57096122382878
19.501937516124727
21.026506097605132
21.54117112795134
24.340863130346587
19.699685973264522
24.30456196519724
24.856561966625783
22.9332839766604
22.8594112440318
19.98869188161166
24.443698705809524
24.511098066962425
22.85949460955388
22.06769609826091
26.124246646442554
21.53076596053658
23.43201955432636
24.94806167546563
24.27901663144234
22.813417205638775
22.28451859767229
22.734289812327347
20.117397338506404
23.2359595204061
25.77783493738559
21.84892030000154
22.175990483722128
21.373275474002302
21.81980362007407
22.468636567121102
22.25758162585329
23.417387344417605
20.80677210056522
20.246138905741226
22.803446176491335
22.869460591798436
23.42364628396248
22.489311972792557
22.122575611119725
21.021774978013603
21.671977973538457
22.405515490976516
23.28426535547994
23.691366839232774
25.139856861682958
20.900690223575573
20.195038929637068
21.591388152476505
22.5011869936741
19.90038008406088
20.578104890063855
22.453408187176045
21.863156095802786
26.179380675494365
21.56061870143904
22.92715161134126
25.827098156300806
23.93770928871069
21.82104639876221
22.436835873595815
21.15567431839014
24.33075833641537
20.796665336737078
21.35176617919642
23.214769009317653
21.609517321824914
21.76912155317719
21.0759061857919
22.67799853360634
24.13143258127684
26.301590672481673
21.25414554903183
21.837179397781235
21.32452848953036
25.73952155671836
25.159936050823003
24.490122303611418
21.88476581604147
22.136329209392393
24.009210989430816
21.75560478755776
22.37349597762799
22.79407512608157
20.425574815950434
22.639048406589282
20.838920805931693
23.994150719309292
24.51438464772695
24.238444168375576
21.919540579816985
22.471429126157496
24.974923892129308
22.853834287199547
26.016743463239028
21.507928587700516
24.49955983481481
22.625639033193817
25.601682958654067
26.60076072671872
22.301628490240056
24.044983764336028
24.854728689500867
22.769326815377717
22.209876305608855
22.633731947029027
23.486838918238664
21.186942587186614
24.13768217656527
23.122523083052787
22.16560701529851
18.325972506068993
24.44926766398344
25.121419880548306
20.62093342811444
22.09072851061393
24.099045859314458
22.617713359265544
24.488942578119666
23.0337289549822
18.221878506769333
24.44501459741875
24.07838610112125
23.490318266732384
20.001206142893018
22.474080661661745
21.977420386241384
21.26009542019778
23.326106430460314
23.7961748833887
24.04433733847996
22.808994088561576
22.078549545166847
24.285337287578827
21.307398098345477
21.32486412568306
23.13527611591673
22.00244325032795
20.80627508013561
21.839236212671942
22.20320874149454
20.862899533338503
23.501675844654144
20.766386282161832
23.039045144970345
25.71630653337697
21.823554011581194
22.702587227382686
24.675024986597208
21.846721574657998
22.9457642618227
23.879025777952343
22.395587325110043
21.76345206064035
24.261740584914886
20.62758005310935
22.22978445940631
24.199883853747124
22.14323897761674
22.404435902337692
21.425389738329166
23.37243538355957
24.869221991533635
24.953047524619866
22.6233588969826
20.796342235696265
23.194441853805106
21.22469318744241
23.38107172207007
21.504922288858623
20.621703422717403
21.663067067095653
21.91432416290903
21.577354121374253
22.022221371591318
22.553296996995304
24.637627633837788
21.346925730168785
21.375327608498658
24.26884367594985
21.22314593803545
24.88548394889908
22.39333031989665
21.350338975927436
23.26161220090705
22.140952389753604
21.5763690313452
27.688306772619818
21.984770313155348
23.018750683798668
19.53019432305684
22.554558152086013
20.562193561190508
21.053244131414026
20.961640883794093
23.161796219117488
22.266078796746328
22.316629871330523
24.13419262360107
23.11443121902954
21.662904272513686
23.576312251691967
24.121261669946364
23.63873188014791
25.451495502434085
26.065295508868306
21.384433353362454
25.189584159976448
24.088390112315707
23.40021778814172
24.716658402724196
21.810734738342152
21.62595066320119
21.626009952237016
23.00570125943747
23.444686285688274
21.85300452486508
19.826780889948065
21.884224863919258
24.46080632628007
21.22830551388263
22.10769852358613
21.746528084221126
24.59813326170915
23.49968012602521
21.798376199430994
25.339736222713196
21.123470738808788
22.204496544736894
22.061542884341502
23.28067818304213
23.765193606999418
23.204728844160616
24.116476279633748
22.358533390772735
21.62734395305518
25.171064816977626
22.538525216526665
25.311951703897304
21.54297680166771
22.653092519047252
26.139476636096752
26.958410763811504
21.84998523730603
22.08435466877365
22.13486357696391
24.795870868679245
21.561446592581657
22.135374376295204
19.23144684313009
22.898247645863073
24.502349639836883
25.043718942723984
21.047772399632024
20.880747690416342
23.400171214449262
23.951548271807322
20.923567606015403
24.281903298113832
21.033708072000422
20.148731474262117
23.062792934830792
24.255162367516444
22.97928977233416
22.83978087534633
21.377641207186063
21.67696669715658
21.043386465071496
20.202660289664525
20.576321460459102
23.21091021909263
24.112242009336796
23.414600538045306
23.312342452680905
23.626024856172908
23.862577561942285
26.252866642685138
20.541763931924464
22.683691931690053
20.923172227020945
23.624829566203967
21.58191611052425
22.992050847154214
24.409527965245534
22.62847859783381
21.071449619292643
23.902189016422078
23.050538007942666
23.26130419449731
24.235726314295103
23.668614089698487
22.516429808992374
24.310020057504833
20.960251164735556
20.746659431460408
23.14497231037216
20.29470261861344
23.13698973288116
23.080639972050502
24.775275026260672
23.499655869599504
27.430328532932023
22.234835016410003
22.57679914859647
19.723317830154816
24.267076079627056
27.49925330277298
25.245799412855675
23.481934631290642
21.687638994549488
21.76913160158944
21.790327280592432
22.247957424720127
22.66901159303769
21.9799561327719
23.34899094615186
20.174594784410832
21.239434772272283
23.96116042541801
20.24569706912001
22.52255392701023
20.883075199147484
23.051605044033536
24.30348519047094
19.236781402869756
25.68666596913821
21.513981717748972
25.169791932537517
19.802574337797086
21.483767135628476
21.404113003061767
22.535645331692244
21.03939552695953
22.401572004906665
26.53669563909148
19.983495775922787
21.90013500844694
21.610158530603176
19.146268970537058
22.46616456141405
25.596965673589768
23.722296844362397
23.295326789473446
23.191853496764082
21.427240365543614
21.458518976714245
24.934193114027472
20.70852416097706
20.40703594105057
20.682069943170916
21.20493968673213
24.692278988000414
23.28650790381206
25.51422658110212
22.91094322552572
25.084934324720663
23.39156354186912
24.00554271887314
22.265021938454534
17.522750378216568
23.690926314760787
21.416266283629803
22.898874186565774
18.472469091735306
24.20585224140564
23.188702457623343
23.59484708870723
24.211611170784185
21.467535272348872
21.70785519674108
21.089742629635857
24.445902577539407
21.26830759003935
24.290778028829642
22.07843406501787
24.531170365501715
22.18533718996075
23.654445011297604
25.339981358093535
21.123757995111788
26.156196411835847
22.12475739841876
20.734503413405275
23.98701724501601
21.961851865282757
24.702529443374384
25.635949062913475
22.783654218952925
21.50069004944293
26.724591952498326
21.762397482250247
23.01325700075738
20.331704928087998
23.167469726516792
23.770799209667413
23.04548334011272
22.613407911114628
25.845484258435395
22.897428992039156
24.974187376564107
25.139043542082288
21.69124506148312
23.759185966022166
23.026044968699424
22.924683996602457
25.94780760672846
24.24700373474273
24.524183199787426
21.313443703817438
20.542014313874773
22.272911132886442
22.290784904837455
25.88459986933723
23.978263377480115
22.644195543560933
21.536199441748185
22.649725503542342
23.293510599607277
22.682423160756436
22.008013649718674
21.559064330185183
22.235356487151464
20.97959121053481
23.08579315489586
22.773906338259604
19.1039785705457
21.658391744597495
20.365451289994933
24.57929793210442
20.805952271967612
23.747526756868247
21.484300816175175
21.239629062929403
24.30628004194425
24.458848438946774
23.619180044777114
20.200570206362464
23.03015897843571
24.84871233057336
23.14041200572175
23.84531858306044
24.31515539805693
21.677459794013302
21.819100144024816
23.91936452426688
19.067510233558792
24.62188010788583
24.00132550426536
23.952609554286106
23.09523467546367
22.966969569512347
22.671685280161487
23.098498435733436
23.349371538539916
21.161935915420532
22.385512117866483
23.10472462187829
22.705321885324864
24.64951051797813
20.9693724543668
21.191613321778473
21.946961604382068
24.816862437923735
20.169003430177003
22.258726365162975
19.50917823535736
25.23604366727485
22.54990982743269
24.560268449265518
24.43536001949726
19.9165797742393
19.525592979396038
22.582083390306817
23.224962791892565
20.585298323981057
23.445043311567456
22.50108958761975
25.269629919130438
22.250576267781124
23.162525264840397
24.12855264019891
21.23373444902837
24.115857232045002
24.71055495369947
24.471377487933093
22.877636282068345
24.24326500905704
18.632283033982095
22.29084374249839
23.079504627685388
23.76570779181593
23.218944919109767
22.18931644853358
23.393186607691828
24.91080688182791
26.968934630689358
21.212499850750167
21.66121306770405
22.310783380303878
21.55540390761047
20.517544566455413
20.973332790843532
21.200654120687005
25.868817763748034
23.341464403019756
22.156794700997093
22.251738057737175
23.42968817253341
23.074710083170242
23.32594201311061
22.596740593988002
24.062159279747682
22.015190902517173
24.289793026859936
23.22904963146934
22.819402557633857
24.56608669294833
22.13729060204758
21.332082094273183
22.01317698237751
23.42504609233158
22.970608082818014
20.874928579726674
23.524228541345156
25.176757614535184
22.687403350764427
20.942903915061205
24.08089720251868
24.64250474020709
23.50505052440294
20.53297934319794
21.26497473034133
23.946800988286608
21.838994134701395
23.868849724476547
20.60150202604703
21.29940718029402
22.123298986412113
24.33208895093593
23.110738156659085
22.15058809537881
25.223446734227053
22.557087576256716
23.625149863668828
24.39286106293616
22.713621746825226
20.861621589431053
22.03536907516142
22.10948482108263
21.73637009063622
22.10182582328266
23.58424812834121
23.24094510474686
21.76552607202501
26.125889915548168
21.251150982949177
23.30168263296284
23.906217743747952
21.043396548648868
25.66774227762075
22.27507781486115
23.463963282637035
19.911641028192825
23.565694975170327
20.44608783093175
21.69285329932855
21.078119528860935
23.925616128035045
20.504243872017817
19.69162380529002
22.022324110575298
24.574086494302616
23.503275275390447
23.874010557390935
22.05958955502853
22.353837976227872
23.656959039046423
22.17685850479308
23.67864718829519
25.165698878086065
21.36649459271086
20.962001441058533
21.05698563715835
23.61827735716784
20.821790203695222
22.293434578835395
21.55105231408026
24.94441851243569
24.620187025537078
20.98310902083697
22.229720954937427
23.44660659519485
22.985724814130656
22.8620303431729
23.076023047001325
22.735019696521725
23.568603192724634
22.165949997212763
22.08892075667046
22.890966697378346
26.118184891831536
24.7646864571783
23.49740972645819
19.48194714644243
22.97240690579827
20.419446536680596
26.76093505713925
21.38804384277723
24.963114777993088
21.765415891520203
25.019563188312453
21.012119887703737
22.568883018612965
21.57048367934885
20.605553629423774
23.529633237934508
25.986727987498906
22.88843203524502
24.743961917298048
21.809577569144057
21.308214361115137
21.661629439655485
22.125978486022557
20.7084810848686
22.195581427919628

Beta value:
22.775360768088934
0.1484237640737595
0.1372037619473498
0.1407816171224456
-0.020257306226532858
0.07458360897635036
0.3027898003691584
0.16686024733355653
0.09967435036297473
-0.004881221740395623
0.07328547721882021
0.3507216268394877
0.1094187661565487
0.11471398841650694
0.22214908720359744
0.013663313244062563
0.21623143589214505
0.11753589830132273
-0.009503683449890435
0.022887869883570576
0.08253565027661917
0.2938396463280669
-2.818133938716152E-4
0.33004726858771954
0.20193557673298185
0.008812492794696394
0.11001322340876188
0.030577533214107826
-0.004712839202146763
-0.04064484085501355
0.004727419952239483
0.13386308275112038
0.25603466032581373
0.07781220555087077
0.11769508931821449
0.14281787360477985
0.1964854275478062
0.15929158766741924
0.28920223368377757
-0.061770109341030666
0.18051997219198654
0.24646220936868143
-0.024614391256830362
-0.023428123109159052
-0.03829510653580863
0.08209599586641757
0.09243897674514331
0.18706787626462204
0.18876005882667243
0.08932510308532202
0.2483631283307134
0.194211553654237
0.002275543205991991
-0.11589007456704245
0.2553702070482514
-0.02942748954394044
0.17283890356109122
0.2815176820218641
0.008469368860484626
0.10166977508498516
0.2289802195956059
-0.05517587119351018
0.10498312276790754
0.09512084173597678
0.05203053733516061
0.3347830269455995
0.0017302656805915642
0.29302675696972
0.15940319304358413
-0.08874433690202167
0.0652750343015649
0.11756759954670169
0.29390748508946873
0.15614216260633684
0.11608328627920855
0.27828162926124334
0.3619563133537786
0.1314453663678577
0.16717068278999064
0.040281271094996456
0.04632189637472546
-0.047570074775074196
0.22721915963118783
0.049193088322116864
-0.01867878212772854
0.0497633750118912
0.4237461045833349
0.2229810457857164
0.2393214983473249
0.20746216199755108
0.2814878957294913
0.3186572714164558
0.20927110642734476
0.04517033517726178
0.12895055126109034
0.04752577801393102
0.2816430898870596
0.2772031317334903
0.005806706174677729
0.09806639210114432
0.20924221740525628

Mean square error for online update method:
4.575915323130296